1e-5 0.001 2048 0.005 0.99
1e-5 0.001 4096 0.005 0.99
1e-5 0.001 8192 0.005 0.99
1e-5 0.0005 2048 0.005 0.99
1e-5 0.0005 4096 0.005 0.99
1e-5 0.0005 8192 0.005 0.99
1e-5 0.0001 2048 0.005 0.99
1e-5 0.0001 4096 0.005 0.99
1e-5 0.0001 8192 0.005 0.99
1e-4 0.001 2048 0.005 0.99
1e-4 0.001 4096 0.005 0.99
1e-4 0.001 8192 0.005 0.99
1e-4 0.0005 2048 0.005 0.99
1e-4 0.0005 4096 0.005 0.99
1e-4 0.0005 8192 0.005 0.99
1e-4 0.0001 2048 0.005 0.99
1e-4 0.0001 4096 0.005 0.99
1e-4 0.0001 8192 0.005 0.99
auto_1e-5 0.001 2048 0.005 0.99
auto_1e-5 0.001 4096 0.005 0.99
auto_1e-5 0.001 8192 0.005 0.99
auto_1e-5 0.0005 2048 0.005 0.99
auto_1e-5 0.0005 4096 0.005 0.99
auto_1e-5 0.0005 8192 0.005 0.99
auto_1e-5 0.0001 2048 0.005 0.99
auto_1e-5 0.0001 4096 0.005 0.99
auto_1e-5 0.0001 8192 0.005 0.99
auto_1e-4 0.001 2048 0.005 0.99
auto_1e-4 0.001 4096 0.005 0.99
auto_1e-4 0.001 8192 0.005 0.99
auto_1e-4 0.0005 2048 0.005 0.99
auto_1e-4 0.0005 4096 0.005 0.99
auto_1e-4 0.0005 8192 0.005 0.99
auto_1e-4 0.0001 2048 0.005 0.99
auto_1e-4 0.0001 4096 0.005 0.99
auto_1e-4 0.0001 8192 0.005 0.99
